00111100000000010001000000000001
00110100001100000000000000000000
00111100000000010001000000000001
00110100001001000000000001010010
00100100000000100000000000000100
00000000000000000000000000001100
00100100000000100000000000000101
00000000000000000000000000001100
00000000000000101000100000100001
00000000000000000101000000100001
00111100000000010001000000000001
10001100001010110000000001001100
00100000000000010000000000000001
00000001011000010101100000100010
00100100000100111111111111111111
00001100000100000000000000011110
00111100000000010001000000000001
00110100001001000000000001010000
00100100000000100000000000000100
00000000000000000000000000001100
00111100000000010001000000000001
00110100001001000000000001110111
00000000000000000000000000001100
00000000000100110010000000100001
00100100000000100000000000000001
00000000000000000000000000001100
00100000000000011111111111111111
00010000001100110000000000011100
00100100000000100000000000001010
00000000000000000000000000001100
00100011101111011111111111111100
10101111101111110000000000000000
00000001011010100000100000101010
00010100001000000000000000010011
00000001010010110110000000100000
00000000000011000110000001000010
00000000000011000111000010000000
00000010000011100111100000100000
10001101111011010000000000000000
00010001101100010000000000001011
00000010001011010000100000101010
00010100001000000000000000000101
00000001101100010000100000101010
00010100001000000000000000000000
00100001100010100000000000000001
00001100000100000000000000011110
00001000000100000000000000110101
00100000000000010000000000000001
00000001100000010101100000100010
00001100000100000000000000011110
00001000000100000000000000110101
00000000000011001001100000100001
00001000000100000000000000110101
10001111101111110000000000000000
00100011101111010000000000000100
00000011111000000000000000001000
00111100000000010001000000000001
00110100001001000000000010011011
00100100000000100000000000000100
00000000000000000000000000001100
00100100000000100000000000001010
00000000000000000000000000001100
